align: [right, center]
size: [34, 137]
bg-color: [0.321568638, 1, 0.278431386, 0.654901981]